              precision    recall  f1-score   support

           0     0.9889    0.9980    0.9934       980
           1     0.9974    0.9965    0.9969      1135
           2     0.9904    0.9971    0.9937      1032
           3     0.9796    0.9990    0.9892      1010
           4     0.9969    0.9878    0.9923       982
           5     0.9932    0.9877    0.9904       892
           6     0.9979    0.9823    0.9900       958
           7     0.9951    0.9854    0.9902      1028
           8     0.9897    0.9908    0.9903       974
           9     0.9862    0.9891    0.9876      1009

    accuracy                         0.9915     10000
   macro avg     0.9915    0.9914    0.9914     10000
weighted avg     0.9915    0.9915    0.9915     10000
